,ts,iteration,max_toughness,candidate_count
0,1711862869.4917958,1,33.58925223,0
1,1711862871.1803877,2,33.58925223,0
2,1711862871.8677475,3,33.58925223,0
3,1711862872.6286116,4,33.58925223,0
4,1711862873.625456,5,33.58925223,0
5,1711862874.6046045,6,33.58925223,0
6,1711862875.9814022,7,33.58925223,0
7,1711862877.5955389,8,33.58925223,0
8,1711862879.253698,9,33.58925223,0
9,1711862881.3972907,10,33.58925223,0
10,1711862883.376772,11,33.58925223,0
11,1711862884.3617153,12,33.58925223,0
12,1711862885.7325544,13,33.58925223,0
13,1711862886.9252164,14,33.58925223,0
14,1711862890.3511436,15,33.58925223,0
15,1711862893.8663993,16,33.58925223,0
16,1711862897.981739,17,33.58925223,0
17,1711862902.235477,18,33.58925223,0
18,1711862906.2623231,19,33.58925223,0
19,1711862910.6330788,20,33.58925223,0
20,1711862914.2475967,21,33.58925223,0
21,1711862915.76266,22,33.58925223,0
22,1711862917.2479367,23,33.58925223,0
23,1711862921.7906852,24,33.58925223,0
24,1711862925.5343802,25,33.58925223,0
25,1711862926.7945316,26,33.58925223,0
26,1711862931.3106618,27,33.58925223,0
27,1711862935.9613023,28,33.58925223,0
