,n,theta,r,t,toughness
0,12,0,1.9,0.7,5.787094095
1,12,0,1.9,0.7,6.996048425
2,12,0,1.9,0.7,7.80562971
3,8,100,1.9,1.4,15.28451124
4,8,100,1.9,1.4,13.46396952
5,8,100,1.9,1.4,1.09751429
6,8,100,1.9,1.05,19.95083256
7,8,100,1.9,1.05,21.43939518
8,8,100,1.9,1.05,21.01485876
9,8,100,1.9,0.7,18.46355991
10,8,100,1.9,0.7,17.47108114
11,8,100,1.9,0.7,15.761628
12,8,100,1.7,1.4,2.526298485
13,8,100,1.7,1.4,4.074202785
14,8,100,1.7,1.4,0.58207294
15,8,100,1.7,1.05,1.94218581
16,8,100,1.7,1.05,15.57963557
17,8,100,1.7,1.05,16.41218992
18,8,100,1.7,0.7,1.66019497
19,8,100,1.7,0.7,1.51086271
20,8,100,1.7,0.7,1.401898735
21,8,100,1.5,1.4,1.371727985
22,8,100,1.5,1.4,14.01092007
23,8,100,1.5,1.4,0.381889405
24,8,100,1.5,1.05,1.47033628
25,8,100,1.5,1.05,1.58020915
26,8,100,1.5,1.05,0.98552759
27,8,100,1.5,0.7,0.758866325
28,8,100,1.5,0.7,1.019029305
29,8,100,1.5,0.7,1.752622255
30,8,75,2.4,1.4,32.61966052
31,8,75,2.4,1.4,31.37445519
32,8,75,2.4,1.4,16.98524062
33,8,75,2.4,0.7,24.44423375
34,8,75,2.4,0.7,25.10776541
35,8,75,2.4,0.7,4.023762455
36,8,75,2.2,1.4,17.76513275
37,8,75,2.2,1.4,27.6013942
38,8,75,2.2,1.4,28.39669297
39,8,75,2.2,1.05,20.51460132
40,8,75,2.2,1.05,21.3394019
41,8,75,2.2,1.05,4.977815625
42,8,75,2.2,0.7,20.21204998
43,8,75,2.2,0.7,22.07383703
44,8,75,2.2,0.7,17.61099159
45,8,75,2.0,1.4,12.78541704
46,8,75,2.0,1.4,21.27402599
47,8,75,2.0,1.4,4.00071953
48,8,75,2.0,1.05,3.877424105
49,8,75,2.0,1.05,12.73013662
50,8,75,2.0,1.05,1.427589615
51,8,75,2.0,0.7,5.749459945
52,8,75,2.0,0.7,6.35860395
53,8,75,2.0,0.7,17.16436162
54,8,75,1.8,1.4,4.87327289
55,8,75,1.8,1.4,4.7896747
56,8,75,1.8,1.4,0.98540034
57,8,75,1.8,1.05,12.57974175
58,8,75,1.8,1.05,3.688520175
59,8,75,1.8,1.05,13.76810579
60,8,75,1.8,0.7,3.146094015
61,8,75,1.8,0.7,2.421117005
62,8,75,1.8,0.7,1.923480915
63,8,75,1.6,1.4,1.897846855
64,8,75,1.6,1.4,2.787914895
65,8,75,1.6,1.4,1.202600565
66,8,75,1.6,1.05,2.517171365
67,8,75,1.6,1.05,2.47774116
68,8,75,1.6,1.05,0.5029841
69,8,75,1.6,0.7,2.301961535
70,8,75,1.6,0.7,2.23340016
71,8,75,1.6,0.7,0.997970035
72,8,50,2.5,1.4,1.789061775
73,8,50,2.5,1.4,1.798908325
74,8,50,2.5,1.4,2.090443795
75,8,50,2.5,0.7,7.144120635
76,8,50,2.5,0.7,10.71189652
77,8,50,2.5,0.7,4.478213675
78,8,100,2.3,1.05,31.76165247
79,8,100,2.3,1.05,33.8393769
80,8,100,2.3,1.05,30.80100966
81,8,50,2.3,1.4,9.993393195
82,8,50,2.3,1.4,9.51737332
83,8,50,2.3,1.4,10.78723802
84,8,50,2.3,0.7,6.054145875
85,8,50,2.3,0.7,6.201702715
86,8,50,2.3,0.7,3.08157811
87,8,50,2.1,1.4,4.749716225
88,8,50,2.1,1.4,4.755243245
89,8,50,2.1,1.4,4.02354012
90,8,50,2.1,1.05,3.47753655
91,8,50,2.1,1.05,6.51946287
92,8,50,2.1,1.05,6.37566581
93,8,50,2.1,0.7,4.16988717
94,8,50,2.1,0.7,4.166636315
95,8,50,2.1,0.7,2.552720965
96,8,50,1.9,1.4,2.89525274
97,8,50,1.9,1.4,2.679152695
98,8,50,1.9,1.4,4.16800253
99,8,125,2.2,1.05,24.28895599
100,8,125,2.2,1.05,23.69980874
101,8,125,2.2,1.05,23.23672095
102,8,50,1.9,1.05,1.75677089
103,8,50,1.9,1.05,3.07566036
104,8,50,1.9,1.05,0.99036637
105,8,50,1.9,0.7,2.446088645
106,8,50,1.9,0.7,2.313059155
107,8,50,1.9,0.7,1.7688226
108,8,50,1.7,1.4,1.256027065
109,8,50,1.7,1.4,2.29423402
110,8,50,1.7,1.4,2.57808866
111,8,50,1.7,1.05,1.946333395
112,8,50,1.7,1.05,2.046947545
113,8,50,1.7,1.05,0.530468075
114,8,50,1.7,0.7,1.83865145
115,8,50,1.7,0.7,1.215050635
116,8,50,1.7,0.7,1.068200195
117,8,50,1.5,1.4,1.01771189
118,8,50,1.5,1.4,1.045444615
119,8,50,1.5,1.4,0.610162855
120,8,50,1.5,1.05,0.967633045
121,8,50,1.5,1.05,0.89535553
122,8,50,1.5,1.05,0.2835024
123,8,50,1.5,0.7,0.606925755
124,8,50,1.5,0.7,0.92954519
125,8,50,1.5,0.7,0.580645385
126,8,25,2.4,1.4,1.651555005
127,8,25,2.4,1.4,1.95455938
128,8,25,2.4,1.4,34.9592874
129,8,25,2.4,0.7,22.05845141
130,8,25,2.4,0.7,21.58190069
131,8,25,2.4,0.7,13.43877417
132,8,25,2.2,1.4,19.7309444
133,8,25,2.2,1.4,33.7412304
134,8,25,2.2,1.4,18.59106074
135,8,75,2.4,1.05,26.61614424
136,8,75,2.4,1.05,25.70566987
137,8,75,2.4,1.05,21.54221829
138,8,25,2.2,0.7,13.1504635
139,8,25,2.2,0.7,17.04183149
140,8,25,2.2,0.7,10.01264335
141,8,25,2.0,1.4,14.18665702
142,8,25,2.0,1.4,14.75295729
143,8,25,2.0,1.4,10.95345267
144,8,25,2.0,1.05,10.70192285
145,8,25,2.0,1.05,15.01512353
146,8,25,2.0,1.05,13.3530951
147,8,25,2.0,0.7,9.76006525
148,8,25,2.0,0.7,11.78357118
149,8,25,2.0,0.7,6.35420248
150,8,25,1.8,1.4,12.00985826
151,8,25,1.8,1.4,11.90886521
152,8,25,1.8,1.4,10.12589473
153,8,25,1.8,1.05,9.138851555
154,8,25,1.8,1.05,9.41505298
155,8,25,1.8,1.05,6.70508105
156,8,25,1.8,0.7,5.487119255
157,8,25,1.8,0.7,7.618696405
158,8,25,1.8,0.7,9.68552392
159,8,25,1.6,1.4,5.25760901
160,8,25,1.6,1.4,6.89180886
161,8,25,1.6,1.4,2.70571583
162,8,25,1.6,1.05,5.899901415
163,8,25,1.6,1.05,5.90264023
164,8,25,1.6,1.05,6.31753358
165,8,25,1.6,0.7,6.022568495
166,8,25,1.6,0.7,5.38905503
167,8,25,1.6,0.7,3.92030164
168,8,0,2.5,1.4,1.379164485
169,8,0,2.5,1.4,1.341181375
170,8,0,2.5,1.4,1.310974495
171,8,0,2.5,1.05,1.890725635
172,8,0,2.5,1.05,1.540877455
173,8,0,2.5,1.05,2.239210555
174,8,0,2.5,0.7,31.09783404
175,8,0,2.5,0.7,24.46751917
176,8,0,2.5,0.7,35.57965442
177,12,100,1.9,1.4,20.96172303
178,12,100,1.9,1.4,21.70844968
179,12,100,1.9,1.4,26.2044042
180,8,50,2.5,1.05,23.23553062
181,8,50,2.5,1.05,23.17921309
182,8,50,2.5,1.05,21.22377998
183,8,0,2.3,1.4,1.437887965
184,8,0,2.3,1.4,1.424017165
185,8,0,2.3,1.4,1.9665795
186,8,0,2.3,0.7,25.3582639
187,8,0,2.3,0.7,21.89507745
188,8,0,2.3,0.7,4.988631565
189,8,0,2.1,1.4,1.915515405
190,8,0,2.1,1.4,1.62434588
191,8,0,2.1,1.4,1.70359334
192,8,0,2.1,1.05,8.488290225
193,8,0,2.1,1.05,20.68608874
194,8,0,2.1,1.05,19.61008402
195,8,0,2.1,0.7,19.99789002
196,8,0,2.1,0.7,19.00737704
197,8,0,2.1,0.7,20.42346871
198,8,0,1.9,1.4,5.33195838
199,8,0,1.9,1.4,8.15384786
200,8,0,1.9,1.4,4.02889168
201,10,150,1.7,0.7,23.06744641
202,10,150,1.7,0.7,19.55310702
203,10,150,1.7,0.7,22.64905122
204,8,0,1.9,1.05,7.354356745
205,8,0,1.9,1.05,8.580193305
206,8,0,1.9,1.05,7.4669773
207,10,125,2.4,1.05,28.87825012
208,10,125,2.4,1.05,28.29307961
209,10,125,2.4,1.05,27.64733324
210,10,100,2.5,1.05,25.82152161
211,10,100,2.5,1.05,29.32923957
212,10,100,2.5,1.05,29.88330736
213,8,0,1.9,0.7,5.52009985
214,8,0,1.9,0.7,13.95284194
215,8,0,1.9,0.7,5.202961875
216,8,0,1.7,1.4,2.899414305
217,8,0,1.7,1.4,3.79572566
218,8,0,1.7,1.4,4.383226565
219,8,0,1.7,1.05,4.139476235
220,8,0,1.7,1.05,3.065404435
221,8,0,1.7,1.05,2.09191768
222,8,0,1.7,0.7,2.413471505
223,8,0,1.7,0.7,3.472810065
224,8,0,1.7,0.7,3.66459729
225,8,0,1.5,1.4,1.991507755
226,8,0,1.5,1.4,2.143893625
227,8,0,1.5,1.4,1.660902335
228,8,0,1.5,1.05,1.994880795
229,8,0,1.5,1.05,1.96282795
230,8,0,1.5,1.05,1.584290705
231,8,0,1.5,0.7,2.166798125
232,8,0,1.5,0.7,1.9446332
233,8,0,1.5,0.7,1.79906466
234,6,200,2.5,1.4,21.03835901
235,6,200,2.5,1.4,22.99321612
236,6,200,2.5,1.4,18.87405486
237,6,200,2.5,1.05,22.06231878
238,6,200,2.5,1.05,23.11410977
239,6,200,2.5,1.05,22.80520974
240,8,50,2.3,1.05,5.279049785
241,8,50,2.3,1.05,6.793946615
242,8,50,2.3,1.05,19.8553271
243,6,200,2.5,0.7,25.99898896
244,6,200,2.5,0.7,25.09903317
245,6,200,2.5,0.7,25.13038982
246,6,200,2.3,1.4,19.66597793
247,6,200,2.3,1.4,18.54291755
248,6,200,2.3,1.4,24.85532039
249,6,200,2.3,1.05,21.80051696
250,6,200,2.3,1.05,20.57744419
251,6,200,2.3,1.05,21.32481878
252,6,200,2.3,0.7,24.84958171
253,6,200,2.3,0.7,20.90731185
254,6,200,2.3,0.7,23.40856053
255,6,200,2.1,1.4,20.31956724
256,6,200,2.1,1.4,26.0766163
257,6,200,2.1,1.4,7.20144772
258,6,200,2.1,1.05,20.21042247
259,6,200,2.1,1.05,19.22200277
260,6,200,2.1,1.05,20.51055968
261,6,200,2.1,0.7,21.86809238
262,6,200,2.1,0.7,20.23693665
263,6,200,2.1,0.7,20.23517058
264,6,200,1.9,1.4,23.56283371
265,6,200,1.9,1.4,24.93052827
266,6,200,1.9,1.4,22.75615377
267,6,200,1.9,1.05,24.39245006
268,6,200,1.9,1.05,19.64039634
269,6,200,1.9,1.05,19.49920548
270,6,200,1.9,0.7,17.83614353
271,6,200,1.9,0.7,17.48027602
272,6,200,1.9,0.7,13.79168408
273,8,100,2.5,1.05,39.22260624
274,8,100,2.5,1.05,25.92875706
275,8,100,2.5,1.05,29.25635883
276,6,200,1.7,1.4,19.40045977
277,6,200,1.7,1.4,8.339999845
278,6,200,1.7,1.4,22.27744967
279,6,200,1.7,1.05,25.21025957
280,6,200,1.7,1.05,21.38700344
281,6,200,1.7,1.05,26.36648259
282,6,200,1.7,0.7,16.78959272
283,6,200,1.7,0.7,16.03773862
284,6,200,1.7,0.7,16.27981063
285,6,200,1.5,1.4,20.22036666
286,6,200,1.5,1.4,17.34488347
287,6,200,1.5,1.4,20.37627403
288,6,200,1.5,1.05,14.65657727
289,6,200,1.5,1.05,16.66536236
290,6,200,1.5,1.05,15.63951464
291,6,175,2.4,1.4,14.4047196
292,6,175,2.4,1.4,14.50308112
293,6,175,2.4,1.4,18.2698049
294,6,175,2.4,1.05,16.38889589
295,6,175,2.4,1.05,18.6453617
296,6,175,2.4,1.05,17.88724908
297,6,175,2.4,0.7,22.93310771
298,6,175,2.4,0.7,20.67206613
299,6,175,2.4,0.7,22.75940737
300,6,175,2.2,1.4,13.48899982
301,6,175,2.2,1.4,12.40292786
302,6,175,2.2,1.4,16.37818041
303,6,175,2.2,1.05,19.70686035
304,6,175,2.2,1.05,19.31625969
305,6,175,2.2,1.05,17.07134424
306,6,175,2.2,0.7,21.11426736
307,6,175,2.2,0.7,19.72507122
308,6,175,2.2,0.7,19.21437316
309,6,175,2.0,1.4,18.38228342
310,6,175,2.0,1.4,16.31177215
311,6,175,2.0,1.4,20.57800408
312,6,175,2.0,1.05,17.5264161
313,6,175,2.0,1.05,17.30324628
314,6,175,2.0,1.05,17.13837747
315,6,175,2.0,0.7,18.03436356
316,6,175,2.0,0.7,17.10096512
317,6,175,2.0,0.7,18.57465277
318,6,175,1.8,1.4,20.35152813
319,6,175,1.8,1.4,22.86955112
320,6,175,1.8,1.4,28.19387442
321,8,0,2.3,1.05,2.185516945
322,8,0,2.3,1.05,1.757085215
323,8,0,2.3,1.05,1.61534906
324,6,175,1.8,1.05,18.12488509
325,6,175,1.8,1.05,17.10172416
326,6,175,1.8,1.05,17.38876143
327,6,175,1.8,0.7,16.25303968
328,6,175,1.8,0.7,16.17696459
329,6,175,1.8,0.7,15.6975907
330,10,100,2.3,1.05,31.96874948
331,10,100,2.3,1.05,27.17386938
332,10,100,2.3,1.05,31.89632291
333,6,175,1.6,1.4,16.86847969
334,6,175,1.6,1.4,4.48566731
335,6,175,1.6,1.4,18.26674629
336,6,175,1.6,1.05,20.1909625
337,6,175,1.6,1.05,23.82705059
338,6,175,1.6,1.05,19.34627319
339,6,175,1.6,0.7,14.9117021
340,6,175,1.6,0.7,14.39788533
341,6,175,1.6,0.7,15.46033752
342,6,150,2.5,1.4,20.43322464
343,6,150,2.5,1.4,17.82099566
344,6,150,2.5,1.4,16.39896448
345,6,150,2.5,1.05,18.51341047
346,6,150,2.5,1.05,18.11758006
347,6,150,2.5,1.05,20.4220484
348,6,150,2.5,0.7,20.95858163
349,6,150,2.5,0.7,20.19911768
350,6,150,2.5,0.7,17.94230795
351,6,150,2.3,1.4,18.03172451
352,6,150,2.3,1.4,14.86324414
353,6,150,2.3,1.4,15.50390773
354,6,150,2.3,1.05,19.91431001
355,6,150,2.3,1.05,18.46880396
356,6,150,2.3,1.05,17.35029167
357,6,150,2.3,0.7,18.49939449
358,6,150,2.3,0.7,14.02922575
359,6,150,2.3,0.7,17.37752817
360,6,150,2.1,1.05,18.51288508
361,6,150,2.1,1.05,17.20666344
362,6,150,2.1,1.05,16.99550773
363,6,150,2.1,0.7,16.41042719
364,6,150,2.1,0.7,14.95439099
365,6,150,2.1,0.7,14.10560919
366,6,150,1.9,1.4,19.00199987
367,6,150,1.9,1.4,17.5141618
368,6,150,1.9,1.4,16.0481957
369,6,150,1.9,1.05,15.55778051
370,6,150,1.9,1.05,16.20815219
371,6,150,1.9,1.05,15.59957872
372,6,150,1.9,0.7,1.27661952
373,6,150,1.9,0.7,0.537630855
374,6,150,1.9,0.7,0.862449755
375,6,150,1.7,1.4,16.19996728
376,6,150,1.7,1.4,19.47943298
377,6,150,1.7,1.4,19.01081895
378,6,150,1.7,1.05,1.247425855
379,6,150,1.7,1.05,14.79832094
380,6,150,1.7,1.05,15.54963513
381,6,150,1.7,0.7,13.11436394
382,6,150,1.7,0.7,1.01669435
383,6,150,1.7,0.7,0.88429715
384,6,150,1.5,1.4,1.241250395
385,6,150,1.5,1.4,17.35790708
386,6,150,1.5,1.4,18.74742944
387,6,150,1.5,1.05,0.73339565
388,6,150,1.5,1.05,0.937172305
389,6,150,1.5,1.05,0.91101892
390,6,150,1.5,0.7,0.9721676
391,6,150,1.5,0.7,0.735884685
392,6,150,1.5,0.7,0.720294875
393,6,125,2.4,1.4,11.64011261
394,6,125,2.4,1.4,21.97821605
395,6,125,2.4,1.4,20.38441493
396,6,125,2.4,1.05,18.50428299
397,6,125,2.4,1.05,18.76875767
398,6,125,2.4,1.05,17.71837793
399,6,125,2.4,0.7,24.20558826
400,6,125,2.4,0.7,22.96424488
401,6,125,2.4,0.7,21.46815411
402,6,125,2.2,1.4,20.73650342
403,6,125,2.2,1.4,24.61952226
404,6,125,2.2,1.4,19.21279802
405,12,175,1.6,0.7,29.88577368
406,12,175,1.6,0.7,24.70855653
407,12,175,1.6,0.7,30.49768339
408,6,125,2.2,1.05,14.11770208
409,6,125,2.2,1.05,18.51707968
410,6,125,2.2,1.05,18.72782356
411,6,125,2.2,0.7,16.74357002
412,6,125,2.2,0.7,20.49097717
413,6,125,2.2,0.7,20.71585045
414,6,125,2.0,1.4,18.91401758
415,6,125,2.0,1.4,15.76786807
416,6,125,2.0,1.4,16.97832826
417,6,125,2.0,1.05,17.48321147
418,6,125,2.0,1.05,17.50446985
419,6,125,2.0,1.05,18.96923443
420,6,125,2.0,0.7,0.93520637
421,6,125,2.0,0.7,1.64178562
422,6,125,2.0,0.7,1.39624755
423,6,125,1.8,1.4,13.35430999
424,6,125,1.8,1.4,2.021798275
425,6,125,1.8,1.4,13.68365648
426,12,200,1.7,0.7,29.52654878
427,12,200,1.7,0.7,30.81942151
428,12,200,1.7,0.7,29.4756594
429,6,125,1.8,1.05,19.82673045
430,6,125,1.8,1.05,14.75259793
431,6,125,1.8,1.05,13.82702867
432,6,125,1.8,0.7,0.92180845
433,6,125,1.8,0.7,13.29645001
434,6,125,1.8,0.7,0.71230218
435,6,125,1.6,1.4,1.077183595
436,6,125,1.6,1.4,1.07172349
437,6,125,1.6,1.4,13.9894676
438,6,125,1.6,1.05,1.25473141
439,6,125,1.6,1.05,1.96536155
440,6,125,1.6,1.05,13.05591221
441,6,125,1.6,0.7,1.4166949
442,6,125,1.6,0.7,1.58774253
443,6,125,1.6,0.7,1.085871695
444,6,100,2.5,1.4,23.2304953
445,6,100,2.5,1.4,21.9617933
446,6,100,2.5,1.4,19.59464177
447,6,100,2.5,1.05,19.19430635
448,6,100,2.5,1.05,19.53450837
449,6,100,2.5,1.05,20.04377174
450,6,100,2.5,0.7,20.8723812
451,6,100,2.5,0.7,20.82913473
452,6,100,2.5,0.7,22.08445189
453,10,50,2.1,1.05,6.48318302
454,10,50,2.1,1.05,18.12854522
455,10,50,2.1,1.05,18.25382211
456,6,100,2.3,1.4,17.49456493
457,6,100,2.3,1.4,14.64180982
458,6,100,2.3,1.4,16.11451264
459,6,100,2.3,1.05,18.3145061
460,6,100,2.3,1.05,16.70905174
461,6,100,2.3,1.05,14.43700693
462,6,100,2.3,0.7,19.72634797
463,6,100,2.3,0.7,16.99064027
464,6,100,2.3,0.7,17.90994853
465,6,100,2.1,1.05,14.0173637
466,6,100,2.1,1.05,13.92808819
467,6,100,2.1,1.05,14.89652844
468,6,100,2.1,0.7,16.77800679
469,6,100,2.1,0.7,1.67980929
470,6,100,2.1,0.7,13.02767408
471,6,100,1.9,1.4,13.84331533
472,6,100,1.9,1.4,13.56843395
473,6,100,1.9,1.4,13.77882286
474,6,100,1.9,1.05,1.874484205
475,6,100,1.9,1.05,2.571962555
476,6,100,1.9,1.05,12.41231281
477,6,100,1.9,0.7,2.248745235
478,6,100,1.9,0.7,1.657600975
479,6,100,1.9,0.7,1.230991015
480,6,100,1.7,1.4,1.83067924
481,6,100,1.7,1.4,2.522915755
482,6,100,1.7,1.4,9.27425569
483,6,100,1.7,1.05,2.639451635
484,6,100,1.7,1.05,1.58847147
485,6,100,1.7,1.05,2.608886545
486,6,100,1.7,0.7,2.42913609
487,6,100,1.7,0.7,1.86839673
488,6,100,1.7,0.7,2.458336485
489,6,100,1.5,1.4,1.74145084
490,6,100,1.5,1.4,1.667230665
491,6,100,1.5,1.4,1.55379982
492,6,100,1.5,1.05,2.038989845
493,6,100,1.5,1.05,0.929859555
494,6,100,1.5,1.05,1.766962485
495,8,25,2.2,1.05,16.83781416
496,8,25,2.2,1.05,28.66445513
497,8,25,2.2,1.05,29.72036515
498,6,100,1.5,0.7,1.761419435
499,6,100,1.5,0.7,1.043984375
500,6,100,1.5,0.7,1.297602915
501,6,75,2.4,1.4,17.76211779
502,6,75,2.4,1.4,16.50240024
503,6,75,2.4,1.4,18.85629444
504,6,75,2.4,1.05,4.68270893
505,6,75,2.4,1.05,6.161012775
506,6,75,2.4,1.05,19.44473814
507,6,75,2.4,0.7,2.414646575
508,6,75,2.4,0.7,2.74980348
509,6,75,2.4,0.7,3.55753965
510,10,75,2.2,1.05,29.38565798
511,10,75,2.2,1.05,28.25179018
512,10,75,2.2,1.05,25.9285469
513,6,75,2.2,1.4,1.245206375
514,6,75,2.2,1.4,17.23894601
515,6,75,2.2,1.4,11.99178691
516,6,75,2.2,1.05,13.167347
517,6,75,2.2,1.05,3.764273615
518,6,75,2.2,1.05,4.35728777
519,6,75,2.2,0.7,2.28417177
520,6,75,2.2,0.7,2.43745487
521,6,75,2.2,0.7,3.738256045
522,6,75,2.0,1.4,14.5440842
523,6,75,2.0,1.4,2.47596343
524,6,75,2.0,1.4,4.505327385
525,6,75,2.0,1.05,1.844288285
526,6,75,2.0,1.05,1.93924519
527,6,75,2.0,1.05,2.33812806
528,6,75,2.0,0.7,0.70437207
529,6,75,2.0,0.7,1.450135035
530,6,75,2.0,0.7,1.16090386
531,6,75,1.8,1.4,1.307267365
532,6,75,1.8,1.4,2.12653032
533,6,75,1.8,1.4,0.764132035
534,6,75,1.8,1.05,0.955209465
535,6,75,1.8,1.05,0.368262385
536,6,75,1.8,1.05,0.737498875
537,6,75,1.8,0.7,0.49796538
538,6,75,1.8,0.7,0.85857833
539,6,75,1.8,0.7,0.874340925
540,10,50,2.3,1.05,28.25571177
541,10,50,2.3,1.05,21.92936174
542,10,50,2.3,1.05,23.0185344
543,6,75,1.6,1.4,1.129298705
544,6,75,1.6,1.4,1.259409195
545,6,75,1.6,1.4,1.690187665
546,10,25,2.2,1.05,16.47586264
547,10,25,2.2,1.05,29.47288901
548,10,25,2.2,1.05,8.484391765
549,6,75,1.6,1.05,0.62222879
550,6,75,1.6,1.05,1.00228558
551,6,75,1.6,1.05,0.74635778
552,6,75,1.6,0.7,0.56218211
553,6,75,1.6,0.7,0.316275755
554,6,75,1.6,0.7,0.421248255
555,6,50,2.5,1.4,8.263866695
556,6,50,2.5,1.4,10.29284302
557,6,50,2.5,1.4,21.12649344
558,6,50,2.5,1.05,23.65177359
559,6,50,2.5,1.05,22.65485255
560,6,50,2.5,1.05,24.14959018
561,6,50,2.5,0.7,6.389414035
562,6,50,2.5,0.7,8.01391438
563,6,50,2.5,0.7,6.19458219
564,10,50,2.5,1.05,1.77016859
565,10,50,2.5,1.05,1.90834218
566,10,50,2.5,1.05,8.159024855
567,6,50,2.3,1.4,10.26593447
568,6,50,2.3,1.4,17.49258419
569,6,50,2.3,1.4,5.749600085
570,6,50,2.3,1.05,8.36155203
571,6,50,2.3,1.05,4.08230125
572,6,50,2.3,1.05,8.212267235
573,6,50,2.3,0.7,3.208368345
574,6,50,2.3,0.7,4.73968986
575,6,50,2.3,0.7,6.059289655
576,6,50,2.1,1.4,4.324624925
577,6,50,2.1,1.4,4.59804905
578,6,50,2.1,1.4,3.74722125
579,6,50,2.1,1.05,4.159978755
580,6,50,2.1,1.05,4.046561015
581,6,50,2.1,1.05,2.592669905
582,6,50,2.1,0.7,16.00978343
583,6,50,2.1,0.7,4.20246107
584,6,50,2.1,0.7,3.17734853
585,6,50,1.9,1.4,3.17129197
586,6,50,1.9,1.4,1.64671733
587,6,50,1.9,1.4,2.720035715
588,6,50,1.9,1.05,1.733336745
589,6,50,1.9,1.05,2.433453355
590,6,50,1.9,1.05,1.898873585
591,6,50,1.9,0.7,1.670555225
592,6,50,1.9,0.7,2.180233015
593,6,50,1.9,0.7,1.31915937
594,6,50,1.7,1.4,1.22887476
595,6,50,1.7,1.4,0.890335145
596,6,50,1.7,1.4,1.47492584
597,6,50,1.7,1.05,1.856575375
598,6,50,1.7,1.05,1.279980775
599,6,50,1.7,1.05,1.78397391
600,6,50,1.7,0.7,1.280064085
601,6,50,1.7,0.7,1.019549845
602,6,50,1.7,0.7,0.857033345
603,6,50,1.5,1.4,0.600585055
604,6,50,1.5,1.4,0.724918585
605,6,50,1.5,1.4,0.615132955
606,6,50,1.5,1.05,0.80713156
607,6,50,1.5,1.05,0.780913535
608,6,50,1.5,1.05,0.77442139
609,6,50,1.5,0.7,0.911408525
610,6,50,1.5,0.7,0.581434425
611,6,50,1.5,0.7,0.503617945
612,6,25,2.4,1.4,2.401968915
613,6,25,2.4,1.4,24.38383386
614,6,25,2.4,1.4,2.25998876
615,6,25,2.4,1.05,25.05585347
616,6,25,2.4,1.05,14.64715217
617,6,25,2.4,1.05,11.42302692
618,6,25,2.4,0.7,9.40534553
619,6,25,2.4,0.7,14.67360446
620,6,25,2.4,0.7,18.73687729
621,6,25,2.2,1.4,7.91761853
622,6,25,2.2,1.4,8.14951516
623,6,25,2.2,1.4,4.150184395
624,6,25,2.2,1.05,10.57081004
625,6,25,2.2,1.05,11.05566429
626,6,25,2.2,1.05,7.9235667
627,6,25,2.2,0.7,5.9481448
628,6,25,2.2,0.7,7.4399274
629,6,25,2.2,0.7,12.36841071
630,6,25,2.0,1.4,5.21743359
631,6,25,2.0,1.4,5.22735781
632,6,25,2.0,1.4,6.44899864
633,6,25,2.0,1.05,4.80682388
634,6,25,2.0,1.05,4.69724476
635,6,25,2.0,1.05,2.940354025
636,6,25,2.0,0.7,4.561826505
637,6,25,2.0,0.7,4.76432071
638,6,25,2.0,0.7,3.88626849
639,6,25,1.8,1.4,3.181724645
640,6,25,1.8,1.4,2.73639597
641,6,25,1.8,1.4,2.45040998
642,6,25,1.8,1.05,2.725128695
643,6,25,1.8,1.05,3.318807365
644,6,25,1.8,1.05,4.24364418
645,6,25,1.8,0.7,2.77622403
646,6,25,1.8,0.7,2.30229922
647,6,25,1.8,0.7,1.504651125
648,6,25,1.6,1.4,1.464165225
649,6,25,1.6,1.4,2.359961675
650,6,25,1.6,1.4,1.696675845
651,6,25,1.6,1.05,1.901228995
652,6,25,1.6,1.05,1.67985751
653,6,25,1.6,1.05,1.83385039
654,6,25,1.6,0.7,1.321202445
655,6,25,1.6,0.7,1.45386602
656,6,25,1.6,0.7,2.09663152
657,6,0,2.5,1.4,1.724510655
658,6,0,2.5,1.4,1.921319615
659,6,0,2.5,1.4,36.25217858
660,10,75,2.4,1.05,36.75305072
661,10,75,2.4,1.05,35.97420333
662,10,75,2.4,1.05,31.50348043
663,6,0,2.5,1.05,27.71493771
664,6,0,2.5,1.05,30.27901031
665,6,0,2.5,1.05,11.31234055
666,6,0,2.5,0.7,27.27353061
667,6,0,2.5,0.7,24.97148829
668,6,0,2.5,0.7,30.26843881
669,6,0,2.3,1.4,2.18745377
670,6,0,2.3,1.4,1.90549201
671,6,0,2.3,1.4,2.02903116
672,8,150,2.3,0.7,30.2897043
673,8,150,2.3,0.7,29.14769093
674,8,150,2.3,0.7,25.69999832
675,6,0,2.3,1.05,11.98794863
676,6,0,2.3,1.05,23.58202299
677,6,0,2.3,1.05,32.23955734
678,6,0,2.3,0.7,22.63629481
679,6,0,2.3,0.7,21.77185393
680,6,0,2.3,0.7,5.017847775
681,6,0,2.1,1.4,2.06551135
682,6,0,2.1,1.4,7.22210682
683,6,0,2.1,1.4,7.735849185
684,6,0,2.1,1.05,7.63448638
685,6,0,2.1,1.05,9.14252845
686,6,0,2.1,1.05,6.771103375
687,6,0,2.1,0.7,6.113001335
688,6,0,2.1,0.7,17.24322518
689,6,0,2.1,0.7,17.42102897
690,6,0,1.9,1.4,5.13711498
691,6,0,1.9,1.4,4.685755775
692,6,0,1.9,1.4,6.652394795
693,10,0,2.5,1.05,1.43131911
694,10,0,2.5,1.05,1.264971665
695,10,0,2.5,1.05,1.78869854
696,6,200,1.5,0.7,14.96221898
697,6,200,1.5,0.7,13.58270496
698,6,200,1.5,0.7,15.7409393
699,6,0,1.9,1.05,6.545940435
700,6,0,1.9,1.05,4.861726245
701,6,0,1.9,1.05,2.966058095
702,6,0,1.9,0.7,5.62889179
703,6,0,1.9,0.7,3.623287735
704,6,0,1.9,0.7,3.576849065
705,6,0,1.7,1.4,2.661723075
706,6,0,1.7,1.4,2.61173793
707,6,0,1.7,1.4,2.328659075
708,6,0,1.7,1.05,3.748405035
709,6,0,1.7,1.05,2.907952235
710,6,0,1.7,1.05,2.933434265
711,10,0,2.3,1.05,1.447227795
712,10,0,2.3,1.05,1.57286967
713,10,0,2.3,1.05,1.48189301
714,6,0,1.7,0.7,3.64273758
715,6,0,1.7,0.7,2.57058053
716,6,0,1.7,0.7,3.09425671
717,6,0,1.5,1.4,1.144337785
718,6,0,1.5,1.4,1.22198518
719,6,0,1.5,1.4,1.66416987
720,12,200,1.5,0.7,41.03767786
721,12,200,1.5,0.7,32.69642057
722,12,200,1.5,0.7,25.91147249
723,6,0,1.5,1.05,1.60756105
724,6,0,1.5,1.05,1.40763682
725,6,0,1.5,1.05,1.204278305
726,6,0,1.5,0.7,1.14466667
727,6,0,1.5,0.7,1.276972545
728,6,0,1.5,0.7,0.984718805
729,10,25,2.4,1.05,39.37679974
730,10,25,2.4,1.05,36.86394767
731,10,25,2.4,1.05,32.82540015
732,6,150,2.1,1.4,17.18467533
733,6,150,2.1,1.4,14.66813147
734,6,150,2.1,1.4,16.09093879
735,10,175,1.6,1.4,23.0666609
736,10,175,1.6,1.4,22.66918814
737,10,175,1.6,1.4,24.08115478
738,12,150,2.5,1.05,1.556686305
739,12,150,2.5,1.05,15.7435385
740,12,150,2.5,1.05,20.7900743
741,6,100,2.1,1.4,13.71482183
742,6,100,2.1,1.4,15.59499058
743,6,100,2.1,1.4,17.55796323
744,8,25,2.4,1.05,27.7911449
745,8,25,2.4,1.05,36.84660789
746,8,25,2.4,1.05,36.1300039
